      0/19     3.87G   0.05843   0.09128   0.05124    0.2009       142       320    0.3519    0.8888    0.7418    0.3389         0   0.07525         0
      1/19     3.87G   0.04788   0.08391   0.02407    0.1559       114       320    0.5441     0.915    0.8891    0.4278         0   0.08289         0
      2/19     3.87G   0.04507   0.08397   0.01998     0.149       135       320    0.5773    0.9064    0.8899    0.4374         0   0.07812         0
      3/19     3.87G   0.04347   0.08306   0.01828    0.1448       122       320    0.5996    0.9328    0.9179    0.4591         0   0.07615         0
      4/19     3.87G   0.04245   0.08251   0.01636    0.1413       127       320    0.5723    0.9407    0.9274    0.4721         0   0.08297         0
      5/19     3.87G   0.04182   0.08176   0.01525    0.1388       131       320    0.6127     0.948    0.9346    0.4777         0   0.08017         0
      6/19     3.87G   0.04126   0.08112    0.0145    0.1369       104       320    0.6167    0.9502    0.9399    0.4872         0   0.08099         0
      7/19     3.87G   0.04088   0.08062   0.01395    0.1354       123       320    0.6187    0.9518     0.942    0.4916         0   0.08167         0
      8/19     3.87G   0.04077   0.08079   0.01346     0.135       127       320    0.6049    0.9593    0.9481    0.4933         0   0.08259         0
      9/19     3.87G   0.04038   0.08019     0.013    0.1336       108       320    0.6064    0.9614    0.9506    0.4977         0   0.08423         0
     10/19     3.87G   0.04007   0.08013   0.01254    0.1327       123       320    0.6059     0.965    0.9534     0.501         0   0.08395         0
     11/19     3.87G   0.03991    0.0797   0.01226    0.1319       112       320    0.6116    0.9667    0.9578    0.5068         0    0.0839         0
     12/19     3.87G   0.03973    0.0792     0.012    0.1309       125       320    0.6194    0.9677    0.9597    0.5083         0   0.08503         0
     13/19     3.87G   0.03944   0.07922   0.01143    0.1301       125       320     0.624     0.969    0.9619    0.5114         0   0.08467         0
     14/19     3.87G   0.03923   0.07839   0.01121    0.1288       128       320    0.6236    0.9697    0.9621    0.5132         0   0.08505         0
     15/19     3.87G   0.03902   0.07818   0.01097    0.1282       132       320    0.6227    0.9712    0.9648    0.5161         0   0.08443         0
     16/19     3.87G   0.03879   0.07805   0.01065    0.1275       124       320    0.6195    0.9724    0.9658     0.519         0   0.08524         0
     17/19     3.87G    0.0387   0.07841   0.01028    0.1274       119       320    0.6214    0.9737    0.9669    0.5204         0   0.08506         0
     18/19     3.87G   0.03856   0.07792   0.01017    0.1267       120       320    0.6233    0.9742    0.9678    0.5227         0   0.08547         0
     19/19     3.87G   0.03838   0.07744   0.01004    0.1259       148       320    0.6245    0.9748    0.9688    0.5246         0   0.08588         0
