0.48626428842544556
0.5321837067604065
0.5813114047050476
0.5937437415122986
0.5973531007766724
0.5957489609718323
0.5961499810218811
0.5961499810218811
0.5961499810218811
0.5961499810218811
0.5961499810218811
0.5961499810218811
0.5963504910469055
0.5975536108016968
0.6029677391052246
0.6087828278541565
0.6135953664779663
0.6256266236305237
0.6436735391616821
0.6603168249130249
0.6520954370498657
0.7355123162269592
0.7708041071891785
0.7790254950523376
0.7762181758880615
0.7752155661582947
0.7673951983451843
0.7601764798164368
0.7503508925437927
0.7543613314628601
0.7541608214378357
0.7633848190307617
0.7555644512176514
0.7663926482200623
0.7708041071891785
0.7724082469940186
0.7724082469940186
0.782434344291687
0.7896531224250793
0.7932624816894531
0.7952677011489868
0.7984760403633118
0.8046922087669373
0.8042911291122437
0.8087026476860046
0.8070984482765198
0.8133146166801453
0.8171245455741882
0.8157208561897278
0.8249448537826538
0.8287547826766968
0.8343693614006042
0.8405855298042297
0.8431922793388367
0.8496089577674866
0.8552235960960388
0.8560256958007812
0.8588329553604126
0.8652496337890625
0.8632444143295288
0.8672548532485962
0.8662522435188293
0.8756767511367798
0.8847002387046814
0.884499728679657
0.892520546913147
0.8953278660774231
0.8965309858322144
0.8993383049964905
0.9063565135002136
0.9087628126144409
0.9105674624443054
0.9069581031799316
0.9139763116836548
0.9193904399871826
0.919590950012207
0.9258071184158325
0.9246039986610413
0.9316222071647644
0.932023286819458
0.9362342357635498
0.9396430850028992
0.9416483044624329
0.9452576637268066
0.9462602734565735
0.9510728120803833
0.9500702023506165
0.9526769518852234
0.9566873908042908
0.9562863707542419
0.9619009494781494
0.9600962400436401
0.9647082686424255
0.9681171178817749
0.9657108187675476
0.96651291847229
0.9653097987174988
0.9639061689376831
0.970322847366333
0.9677160382270813
