0.6934614181518555
0.6922411322593689
0.6903961896896362
0.6883306503295898
0.6862505674362183
0.68344646692276
0.6800243854522705
0.6756654977798462
0.6708551645278931
0.6667171120643616
0.6673463582992554
0.6623010039329529
0.6545165777206421
0.6528646349906921
0.6501023769378662
0.6429839134216309
0.6343007683753967
0.6234355568885803
0.603402316570282
0.578158974647522
0.9494194388389587
0.5564128756523132
0.5787568688392639
0.591839075088501
0.5998002290725708
0.6055687665939331
0.6068479418754578
0.6055077910423279
0.6043184995651245
0.6020560264587402
0.5979565978050232
0.5914542078971863
0.5898832678794861
0.5825892686843872
0.575200617313385
0.5679445266723633
0.56052565574646
0.5540130734443665
0.5435401797294617
0.5363568663597107
0.5274468064308167
0.5201587677001953
0.5128366947174072
0.5025435090065002
0.4946269989013672
0.4848402738571167
0.47670602798461914
0.464489609003067
0.4600958526134491
0.4488108456134796
0.4371924102306366
0.42485344409942627
0.4127054512500763
0.4002871811389923
0.39029982686042786
0.3817799985408783
0.3732665479183197
0.36252734065055847
0.35232144594192505
0.34192901849746704
0.3401089012622833
0.33582594990730286
0.3282867968082428
0.311204731464386
0.29911428689956665
0.29051417112350464
0.2863653302192688
0.281726598739624
0.27191072702407837
0.2610560655593872
0.2534201443195343
0.2480907440185547
0.24240803718566895
0.23475281894207
0.2240881770849228
0.2191064953804016
0.20904642343521118
0.2076810896396637
0.19861377775669098
0.1928730309009552
0.18153715133666992
0.176049143075943
0.1690210998058319
0.16359923779964447
0.1589919477701187
0.14975376427173615
0.1408909410238266
0.13763342797756195
0.13358870148658752
0.1309301257133484
0.1184549555182457
0.11252329498529434
0.10983031243085861
0.1024811640381813
0.10102368891239166
0.10005736351013184
0.1023656353354454
0.10299406945705414
0.08878137916326523
0.0926714837551117
