0.6979396939277649
0.6870413422584534
0.6840687990188599
0.6764187216758728
0.6737567782402039
0.6671863198280334
0.6641330718994141
0.6573887467384338
0.6539156436920166
0.6469226479530334
0.6343333125114441
0.6247288584709167
0.6147985458374023
0.588265597820282
0.6722787022590637
0.5646007061004639
0.569796621799469
0.5659538507461548
0.5537651777267456
0.5322778224945068
0.5187814235687256
0.5029816031455994
0.4882318079471588
0.47354400157928467
0.45124638080596924
0.4264429211616516
0.40887904167175293
0.3804070055484772
0.35286641120910645
0.3345153331756592
0.30636823177337646
0.28026625514030457
0.2600004971027374
0.24294330179691315
0.2269555926322937
0.21110500395298004
0.19619442522525787
0.1927107721567154
0.1875009536743164
0.17512613534927368
0.15218669176101685
0.13524635136127472
0.13367384672164917
0.11595327407121658
0.11549551784992218
0.10772008448839188
0.09768466651439667
0.09058687835931778
0.08592730760574341
0.0779455378651619
0.07322536408901215
0.0721273422241211
0.06566400080919266
0.06168190762400627
0.06509700417518616
0.06696710735559464
0.051889773458242416
0.05187464505434036
0.054934438318014145
0.048571083694696426
0.04449266195297241
0.04591614753007889
0.04371926933526993
0.04621891304850578
0.0415041483938694
0.040316373109817505
0.04027682542800903
0.04140281677246094
0.03507857397198677
0.040229786187410355
0.03898388892412186
0.039327241480350494
0.03459163382649422
0.03547326475381851
0.03417452052235603
0.03270435705780983
0.030199971050024033
0.03935587778687477
0.03455532714724541
0.029461288824677467
0.03179464861750603
0.03164970129728317
0.036333587020635605
0.036580946296453476
0.026082316413521767
0.027478860691189766
0.03338039293885231
0.033591195940971375
0.03179975971579552
0.028852084651589394
0.027267951518297195
0.029857218265533447
0.028822289779782295
0.0256790891289711
0.027462191879749298
0.024932226166129112
0.030176371335983276
0.027698619291186333
0.027329014614224434
0.0259192306548357
