0.5337878465652466
0.5580509305000305
0.5666733384132385
0.5929416418075562
0.5981552004814148
0.6037697792053223
0.6007620096206665
0.6103870272636414
0.6121916770935059
0.6234208941459656
0.6262282133102417
0.6480849981307983
0.6659314036369324
0.700822114944458
0.6220172643661499
0.7284941077232361
0.713254451751709
0.7190696001052856
0.726288378238678
0.748947262763977
0.7637858390808105
0.7748145461082458
0.7840384840965271
0.7928614616394043
0.8056948184967041
0.8225386142730713
0.8287547826766968
0.8520152568817139
0.8696610927581787
0.8708642721176147
0.8867054581642151
0.8963304758071899
0.9047523736953735
0.913575291633606
0.9173852205276489
0.9193904399871826
0.9306195974349976
0.9318227171897888
0.9356326460838318
0.940044105052948
0.9500702023506165
0.952476441860199
0.953078031539917
0.9600962400436401
0.9614999294281006
0.9629035592079163
0.9655103087425232
0.9717264771461487
0.9719269871711731
0.9729295969009399
0.9763385057449341
0.9763385057449341
0.9777421355247498
0.979546844959259
0.9791457653045654
0.9769400358200073
0.982755184173584
0.9829556941986084
0.9807499647140503
0.9813514947891235
0.9861640334129333
0.9853619337081909
0.9857630133628845
0.9859635233879089
0.9863645434379578
0.9871666431427002
0.9859635233879089
0.987567663192749
0.988169252872467
0.9883697628974915
0.9857630133628845
0.9863645434379578
0.9883697628974915
0.9891718626022339
0.987567663192749
0.9893723726272583
0.9891718626022339
0.987567663192749
0.9883697628974915
0.9897733926773071
0.9899739027023315
0.9899739027023315
0.9895728826522827
0.987567663192749
0.9911770820617676
0.990776002407074
0.988169252872467
0.9877681732177734
0.9891718626022339
0.9895728826522827
0.9893723726272583
0.9899739027023315
0.9909765124320984
0.9911770820617676
0.9901744723320007
0.990776002407074
0.9901744723320007
0.990776002407074
0.991377592086792
0.9915781021118164
